0.0246570935579085
0.00276788485360965
-0.00229749535354773
-0.00872191764735175
-0.0221567503012765
0.0361709513528791
0.00266406015240267
-0.0138806727693724
0.00551299307228353
-0.00867537564279708
0.00897411639676338
-0.00767663797169425
0.0385828069877838
-0.00861930438260333
0.0368210315993315
-0.00968850765350326
0.000323062332259372
0.00280591397065533
-0.00579553793057719
0.00157883707940554
-0.0041414798534794
-0.019890158538736
0.0129020312267752
0.0129125870475217
-0.0178750587257469
-0.0161683985693888
0.0445446165193583
-0.0244519407021691
-0.0331929264068168
0.00876205414707265
0.0192897330889985
-0.00303528804187791
-0.00522774237358933
-0.0067979758775164
0.021495166133539
0.00583861408231467
0.013529687150335
-0.00426860009738328
-0.0051189887884211
-0.0116209623996802
0.0206165325971453
0.0139383817003691
-0.0113362941509211
-0.00806160682722146
-0.00856777311648094
0.0025852045363044
0.0146039196923074
0.0123091108082538
0.000121116163541157
-0.0197157591957316
0.0022872256712857
-0.0070415288924075
0.0273807929175817
0.00784379876180288
0.0129215871142448
0.00389067564648664
-0.0142649566690733
-0.0144206687218093
-0.00846388360398231
0.0138456864834052
0.000876702366698012
0.00382045352096261
-0.00714711055370815
-0.0244527558947485
-0.000925582976951889
-0.0196572391642693
-0.00071724115527034
0.014711135617462
0.00482904100060311
0.0118043081658333
0.0166316510573272
-0.0103147802800883
-0.011325201413554
-0.00221686876036509
-0.0139323573738734
0.0145349933274378
-4.9671386985084e-05
0.0115110560857754
0.006507873173491
-0.00806405812739497
-0.000233556506263777
-0.0229554200657172
-0.00109491166131881
0.0110094404316948
0.00939916017358422
-0.00151135302554983
-0.0174359200655645
-0.00836333790551969
0.0147239834623865
0.00503063860987238
-0.00390898802667761
0.0044907026897727
-0.00582871441360155
-0.000488843226588376
3.19962034141322e-05
-0.0163149770357316
-0.00145069299045622
0.0108411939831405
0.00265142588736367
0.0375778120861818