0.0123405854818621
-0.00624639632456958
-0.00957642024353378
-0.00207988448450042
-0.0308374662002230
0.0399277266787150
0.00430700523138372
-0.0182740044869186
0.0123392803928509
-0.0148710068235600
0.00858896518438701
-0.0154030638412273
0.0484841299935287
-0.00925209810498406
0.0352353956661169
-0.0179499824715262
0.00221080730990514
-0.00512374044087638
-0.00835664749981280
-4.12860379203073e-05
-0.00249748980052211
-0.0141284600798790
0.0140496096914735
0.0129156916585873
-0.0171524395611233
-0.0211488363592803
0.0553294380713306
-0.0339305403125962
-0.0361430293180790
0.0121178154908843
0.0220574568878267
-0.00484214682724088
-0.00869720628501851
-0.00266490928931884
0.0221450862044715
0.00973823430413523
0.0175202691428035
-0.00314284731030778
0.000897363050811728
-0.0164514873990044
0.0176576611929104
0.0178190600439361
-0.00692825699281677
-0.000597524878509725
-0.0254798452564869
0.0128630342432600
0.0197928053029413
0.0188267711286708
0.00356627249493846
-0.0270697308610981
0.00186282639738566
-0.00763333133151667
0.0325350101740093
0.0107541474511858
0.0142728001694092
0.0125352593761222
-0.0205947429592325
-0.00724187706244656
-0.00680469256124594
0.0237830071302563
-0.00642016398217249
0.0103239266722158
0.00101559877732418
-0.0213238068389306
-0.000915730915591384
-0.0207383910027924
0.00289480206380659
0.0148998440146796
0.00630735943360250
0.00938329772291091
0.0147317589972203
-0.0123778539037162
-0.0171861881377507
-0.00349643449482795
-0.0214830171732794
0.0122148760254676
-0.00201274976371457
0.00601313367932743
0.00946454997188984
-0.00963122249081472
0.000501962520911448
-0.0244755049807117
0.000848419597001382
0.0175289977361821
0.00475795744685037
-0.00666353366851180
-0.0258190998308256
-0.0107953951979280
0.0156721209130770
0.00742767155716928
0.00440335772661882
0.00671233446927655
-0.000425915138341337
0.00136110838713632
-0.00679142945734390
-0.0140939993174191
0.000858697113956891
0.0183958891661358
0.0117489310951002
0.0445583317597277